MAP_INFO
70 20

# 0 0 1
# 0 1 1
# 0 2 1
# 0 3 1
# 0 4 1
# 0 5 1
# 0 6 1
# 0 7 1
# 0 8 1
# 0 9 1
# 0 10 1
# 0 11 1
# 0 12 1
# 0 13 1
# 0 14 1
# 0 15 1
# 0 16 1
# 0 17 1
# 0 18 1
# 0 19 1
# 0 20 1
# 0 21 1
# 0 22 1
# 0 23 1
# 0 24 1
# 0 25 1
# 0 26 1
# 0 27 1
# 0 28 1
# 0 29 1
# 0 30 1
# 0 31 1
# 0 32 1
# 0 33 1
# 0 34 1
# 0 35 1
# 0 36 1
# 0 37 1
# 0 38 1
# 0 39 1
# 0 40 1
# 0 41 1
# 0 42 1
# 0 43 1
# 0 44 1
# 0 45 1
# 0 46 1
# 0 47 1
# 0 48 1
# 0 49 1
# 0 50 1
# 0 51 1
# 0 52 1
# 0 53 1
# 0 54 1
# 0 55 1
# 0 56 1
# 0 57 1
# 0 58 1
# 0 59 1
# 0 60 1
# 0 61 1
# 0 62 1
# 0 63 1
# 0 64 1
# 0 65 1
# 0 66 1
# 0 67 1
# 0 68 1
# 0 69 1

# 1 0 1
A 1 1 1
A 1 2 1
A 1 3 1
A 1 4 1
A 1 5 1
A 1 6 1
A 1 7 1
A 1 8 1
A 1 9 1
A 1 10 1
A 1 11 1
A 1 12 1
A 1 13 1
A 1 14 1
A 1 15 1
A 1 16 1
A 1 17 1
A 1 18 1
A 1 19 1
A 1 20 1
A 1 21 1
A 1 22 1
A 1 23 1
A 1 24 1
A 1 25 1
A 1 26 1
A 1 27 1
A 1 28 1
A 1 29 1
A 1 30 1
A 1 31 1
A 1 32 1
A 1 33 1
A 1 34 1
A 1 35 1
A 1 36 1
A 1 37 1
A 1 38 1
A 1 39 1
A 1 40 1
A 1 41 1
A 1 42 1
A 1 43 1
A 1 44 1
A 1 45 1
A 1 46 1
A 1 47 1
A 1 48 1
A 1 49 1
A 1 50 1
A 1 51 1
A 1 52 1
A 1 53 1
A 1 54 1
A 1 55 1
X 1 56 200
X 1 57 200
X 1 58 200
X 1 59 200
X 1 60 200
X 1 61 200
X 1 62 200
X 1 63 200
X 1 64 200
X 1 65 200
X 1 66 200
X 1 67 200
X 1 68 200
# 1 69 1

# 2 0 1
A 2 1 1
A 2 2 1
A 2 3 1
A 2 4 1
A 2 5 1
A 2 6 1
A 2 7 1
A 2 8 1
A 2 9 1
A 2 10 1
A 2 11 1
A 2 12 1
A 2 13 1
A 2 14 1
A 2 15 1
A 2 16 1
A 2 17 1
A 2 18 1
A 2 19 1
A 2 20 1
A 2 21 1
A 2 22 1
A 2 23 1
A 2 24 1
A 2 25 1
A 2 26 1
A 2 27 1
A 2 28 1
A 2 29 1
A 2 30 1
A 2 31 1
A 2 32 1
A 2 33 1
A 2 34 1
A 2 35 1
A 2 36 1
A 2 37 1
A 2 38 1
A 2 39 1
A 2 40 1
A 2 41 1
A 2 42 1
A 2 43 1
A 2 44 1
A 2 45 1
A 2 46 1
A 2 47 1
A 2 48 1
A 2 49 1
A 2 50 1
A 2 51 1
A 2 52 1
A 2 53 1
A 2 54 1
A 2 55 1
A 2 56 1
X 2 57 200
X 2 58 200
X 2 59 200
X 2 60 200
X 2 61 200
X 2 62 200
X 2 63 200
X 2 64 200
X 2 65 200
X 2 66 200
X 2 67 200
X 2 68 200
# 2 69 1

# 3 0 1
A 3 1 1
A 3 2 1
A 3 3 1
A 3 4 1
A 3 5 1
A 3 6 1
A 3 7 1
A 3 8 1
A 3 9 1
A 3 10 1
A 3 11 1
A 3 12 1
A 3 13 1
A 3 14 1
A 3 15 1
A 3 16 1
A 3 17 1
A 3 18 1
A 3 19 1
A 3 20 1
A 3 21 1
A 3 22 1
A 3 23 1
A 3 24 1
A 3 25 1
A 3 26 1
A 3 27 1
A 3 28 1
A 3 29 1
A 3 30 1
A 3 31 1
A 3 32 1
A 3 33 1
A 3 34 1
A 3 35 1
A 3 36 1
A 3 37 1
A 3 38 1
A 3 39 1
A 3 40 1
A 3 41 1
A 3 42 1
A 3 43 1
A 3 44 1
A 3 45 1
A 3 46 1
A 3 47 1
A 3 48 1
A 3 49 1
A 3 50 1
A 3 51 1
A 3 52 1
A 3 53 1
A 3 54 1
A 3 55 1
A 3 56 1
A 3 57 1
X 3 58 200
X 3 59 200
X 3 60 200
X 3 61 200
X 3 62 200
X 3 63 200
X 3 64 200
X 3 65 200
X 3 66 200
X 3 67 200
X 3 68 200
# 3 69 1

# 4 0 1
A 4 1 1
A 4 2 1
A 4 3 1
A 4 4 1
A 4 5 1
A 4 6 1
A 4 7 1
A 4 8 1
A 4 9 1
A 4 10 1
A 4 11 1
A 4 12 1
A 4 13 1
A 4 14 1
A 4 15 1
A 4 16 1
A 4 17 1
A 4 18 1
A 4 19 1
A 4 20 1
A 4 21 1
A 4 22 1
A 4 23 1
A 4 24 1
A 4 25 1
A 4 26 1
A 4 27 1
A 4 28 1
A 4 29 1
A 4 30 1
A 4 31 1
A 4 32 1
A 4 33 1
A 4 34 1
A 4 35 1
A 4 36 1
A 4 37 1
A 4 38 1
A 4 39 1
A 4 40 1
A 4 41 1
A 4 42 1
A 4 43 1
A 4 44 1
A 4 45 1
A 4 46 1
A 4 47 1
A 4 48 1
A 4 49 1
A 4 50 1
A 4 51 1
A 4 52 1
A 4 53 1
A 4 54 1
A 4 55 1
A 4 56 1
A 4 57 1
A 4 58 1
A 4 59 1
A 4 60 1
A 4 61 1
A 4 62 1
A 4 63 1
A 4 64 1
A 4 65 1
A 4 66 1
A 4 67 1
A 4 68 1
# 4 69 1

# 5 0 1
A 5 1 1
A 5 2 1
A 5 3 1
A 5 4 1
A 5 5 1
A 5 6 1
A 5 7 1
A 5 8 1
A 5 9 1
A 5 10 1
A 5 11 1
A 5 12 1
A 5 13 1
A 5 14 1
A 5 15 1
A 5 16 1
A 5 17 1
A 5 18 1
A 5 19 1
A 5 20 1
A 5 21 1
A 5 22 1
A 5 23 1
A 5 24 1
A 5 25 1
A 5 26 1
A 5 27 1
A 5 28 1
A 5 29 1
A 5 30 1
A 5 31 1
A 5 32 1
A 5 33 1
A 5 34 1
A 5 35 1
A 5 36 1
A 5 37 1
A 5 38 1
A 5 39 1
A 5 40 1
A 5 41 1
A 5 42 1
A 5 43 1
A 5 44 1
A 5 45 1
A 5 46 1
A 5 47 1
A 5 48 1
A 5 49 1
A 5 50 1
A 5 51 1
A 5 52 1
A 5 53 1
A 5 54 1
A 5 55 1
A 5 56 1
A 5 57 1
A 5 58 1
A 5 59 1
A 5 60 1
A 5 61 1
A 5 62 1
A 5 63 1
A 5 64 1
A 5 65 1
A 5 66 1
A 5 67 1
A 5 68 1
# 5 69 1

# 6 0 1
A 6 1 1
A 6 2 1
A 6 3 1
A 6 4 1
A 6 5 1
A 6 6 1
A 6 7 1
A 6 8 1
A 6 9 1
A 6 10 1
A 6 11 1
A 6 12 1
A 6 13 1
A 6 14 1
A 6 15 1
A 6 16 1
A 6 17 1
A 6 18 1
A 6 19 1
A 6 20 1
A 6 21 1
A 6 22 1
A 6 23 1
A 6 24 1
A 6 25 1
A 6 26 1
A 6 27 1
A 6 28 1
A 6 29 1
A 6 30 1
A 6 31 1
A 6 32 1
A 6 33 1
A 6 34 1
A 6 35 1
A 6 36 1
A 6 37 1
A 6 38 1
A 6 39 1
A 6 40 1
A 6 41 1
A 6 42 1
A 6 43 1
A 6 44 1
A 6 45 1
A 6 46 1
A 6 47 1
A 6 48 1
A 6 49 1
A 6 50 1
A 6 51 1
A 6 52 1
A 6 53 1
A 6 54 1
A 6 55 1
A 6 56 1
A 6 57 1
A 6 58 1
A 6 59 1
A 6 60 1
A 6 61 1
A 6 62 1
A 6 63 1
A 6 64 1
A 6 65 1
A 6 66 1
A 6 67 1
A 6 68 1
# 6 69 1

# 7 0 1
A 7 1 1
A 7 2 1
A 7 3 1
A 7 4 1
A 7 5 1
A 7 6 1
A 7 7 1
A 7 8 1
A 7 9 1
A 7 10 1
A 7 11 1
A 7 12 1
A 7 13 1
A 7 14 1
A 7 15 1
A 7 16 1
A 7 17 1
A 7 18 1
A 7 19 1
A 7 20 1
A 7 21 1
A 7 22 1
A 7 23 1
A 7 24 1
A 7 25 1
A 7 26 1
A 7 27 1
A 7 28 1
A 7 29 1
A 7 30 1
A 7 31 1
A 7 32 1
A 7 33 1
A 7 34 1
A 7 35 1
A 7 36 1
A 7 37 1
A 7 38 1
A 7 39 1
A 7 40 1
A 7 41 1
A 7 42 1
A 7 43 1
A 7 44 1
A 7 45 1
A 7 46 1
A 7 47 1
A 7 48 1
A 7 49 1
A 7 50 1
A 7 51 1
A 7 52 1
A 7 53 1
A 7 54 1
A 7 55 1
A 7 56 1
A 7 57 1
A 7 58 1
A 7 59 1
A 7 60 1
A 7 61 1
A 7 62 1
A 7 63 1
A 7 64 1
A 7 65 1
A 7 66 1
A 7 67 1
A 7 68 1
# 7 69 1

# 8 0 1
A 8 1 1
A 8 2 1
A 8 3 1
A 8 4 1
A 8 5 1
A 8 6 1
A 8 7 1
A 8 8 1
A 8 9 1
A 8 10 1
A 8 11 1
A 8 12 1
A 8 13 1
A 8 14 1
A 8 15 1
A 8 16 1
A 8 17 1
A 8 18 1
A 8 19 1
A 8 20 1
A 8 21 1
A 8 22 1
A 8 23 1
A 8 24 1
A 8 25 1
A 8 26 1
A 8 27 1
A 8 28 1
A 8 29 1
A 8 30 1
A 8 31 1
A 8 32 1
A 8 33 1
A 8 34 1
A 8 35 1
A 8 36 1
A 8 37 1
A 8 38 1
A 8 39 1
A 8 40 1
A 8 41 1
A 8 42 1
A 8 43 1
A 8 44 1
A 8 45 1
A 8 46 1
A 8 47 1
A 8 48 1
A 8 49 1
A 8 50 1
A 8 51 1
A 8 52 1
A 8 53 1
A 8 54 1
A 8 55 1
A 8 56 1
A 8 57 1
A 8 58 1
A 8 59 1
A 8 60 1
A 8 61 1
A 8 62 1
A 8 63 1
A 8 64 1
A 8 65 1
A 8 66 1
A 8 67 1
A 8 68 1
# 8 69 1

# 9 0 1
A 9 1 1
A 9 2 1
A 9 3 1
A 9 4 1
A 9 5 1
A 9 6 1
A 9 7 1
A 9 8 1
A 9 9 1
A 9 10 1
A 9 11 1
A 9 12 1
A 9 13 1
A 9 14 1
A 9 15 1
A 9 16 1
A 9 17 1
A 9 18 1
A 9 19 1
A 9 20 1
A 9 21 1
A 9 22 1
A 9 23 1
A 9 24 1
A 9 25 1
A 9 26 1
A 9 27 1
A 9 28 1
A 9 29 1
A 9 30 1
A 9 31 1
A 9 32 1
A 9 33 1
A 9 34 1
A 9 35 1
A 9 36 1
A 9 37 1
A 9 38 1
A 9 39 1
A 9 40 1
A 9 41 1
A 9 42 1
A 9 43 1
A 9 44 1
A 9 45 1
A 9 46 1
A 9 47 1
X 9 48 200
L 9 49 1
X 9 50 200
X 9 51 200
X 9 52 200
X 9 53 200
X 9 54 200
X 9 55 200
X 9 56 200
X 9 57 200
X 9 58 200
X 9 59 200
X 9 60 200
X 9 61 200
X 9 62 200
X 9 63 200
X 9 64 200
X 9 65 200
X 9 66 200
X 9 67 200
X 9 68 200
# 9 69 1

# 10 0 1
A 10 1 1
A 10 2 1
A 10 3 1
A 10 4 1
A 10 5 1
A 10 6 1
A 10 7 1
A 10 8 1
A 10 9 1
A 10 10 1
A 10 11 1
A 10 12 1
A 10 13 1
A 10 14 1
A 10 15 1
A 10 16 1
A 10 17 1
A 10 18 1
A 10 19 1
A 10 20 1
A 10 21 1
A 10 22 1
A 10 23 1
X 10 24 200
X 10 25 200
X 10 26 200
X 10 27 200
X 10 28 200
X 10 29 200
X 10 30 200
X 10 31 200
X 10 32 200
X 10 33 200
X 10 34 200
X 10 35 200
X 10 36 200
X 10 37 200
X 10 38 200
X 10 39 200
X 10 40 200
X 10 41 200
X 10 42 200
X 10 43 200
X 10 44 200
X 10 45 200
X 10 46 200
X 10 47 200
X 10 48 200
X 10 49 200
X 10 50 200
X 10 51 200
X 10 52 200
X 10 53 200
X 10 54 200
X 10 55 200
X 10 56 200
X 10 57 200
X 10 58 200
X 10 59 200
X 10 60 200
X 10 61 200
X 10 62 200
X 10 63 200
X 10 64 200
X 10 65 200
X 10 66 200
X 10 67 200
X 10 68 200
# 10 69 1

# 11 0 1
A 11 1 1
A 11 2 1
A 11 3 1
A 11 4 1
A 11 5 1
A 11 6 1
A 11 7 1
A 11 8 1
A 11 9 1
A 11 10 1
A 11 11 1
A 11 12 1
A 11 13 1
A 11 14 1
A 11 15 1
A 11 16 1
C 11 17 500
C 11 18 500
C 11 19 500
C 11 20 500
C 11 21 500
C 11 22 500
C 11 23 500
C 11 24 500
C 11 25 500
C 11 26 500
C 11 27 500
C 11 28 500
C 11 29 500
C 11 30 500
C 11 31 500
C 11 32 500
C 11 33 500
C 11 34 500
C 11 35 500
C 11 36 500
C 11 37 500
C 11 38 500
C 11 39 500
C 11 40 500
C 11 41 500
C 11 42 500
C 11 43 500
C 11 44 500
C 11 45 500
C 11 46 500
C 11 47 500
C 11 48 500
L 11 49 1
L 11 50 1
C 11 51 500
C 11 52 500
C 11 53 500
C 11 54 500
C 11 55 500
C 11 56 500
C 11 57 500
C 11 58 500
C 11 59 500
C 11 60 500
C 11 61 500
C 11 62 500
C 11 63 500
C 11 64 500
X 11 65 200
X 11 66 200
X 11 67 200
C 11 68 500
# 11 69 1

# 12 0 1
A 12 1 1
A 12 2 1
A 12 3 1
A 12 4 1
A 12 5 1
A 12 6 1
C 12 7 500
C 12 8 500
C 12 9 500
C 12 10 500
C 12 11 500
C 12 12 500
C 12 13 500
C 12 14 500
C 12 15 500
C 12 16 500
C 12 17 500
C 12 18 500
C 12 19 500
C 12 20 500
C 12 21 500
C 12 22 500
C 12 23 500
C 12 24 500
C 12 25 500
C 12 26 500
C 12 27 500
C 12 28 500
C 12 29 500
C 12 30 500
C 12 31 500
C 12 32 500
C 12 33 500
C 12 34 500
C 12 35 500
A 12 36 1
A 12 37 1
A 12 38 1
A 12 39 1
A 12 40 1
A 12 41 1
A 12 42 1
A 12 43 1
C 12 44 500
C 12 45 500
C 12 46 500
C 12 47 500
C 12 48 500
C 12 49 500
L 12 50 1
C 12 51 500
C 12 52 500
C 12 53 500
C 12 54 500
C 12 55 500
C 12 56 500
C 12 57 500
C 12 58 500
C 12 59 500
C 12 60 500
C 12 61 500
C 12 62 500
C 12 63 500
C 12 64 500
C 12 65 500
C 12 66 500
C 12 67 500
C 12 68 500
# 12 69 1

# 13 0 1
A 13 1 1
A 13 2 1
A 13 3 1
A 13 4 1
A 13 5 1
X 13 6 200
X 13 7 200
X 13 8 200
X 13 9 200
X 13 10 200
X 13 11 200
X 13 12 200
X 13 13 200
C 13 14 500
C 13 15 500
C 13 16 500
C 13 17 500
C 13 18 500
C 13 19 500
C 13 20 500
C 13 21 500
C 13 22 500
C 13 23 500
C 13 24 500
C 13 25 500
C 13 26 500
C 13 27 500
C 13 28 500
C 13 29 500
C 13 30 500
C 13 31 500
C 13 32 500
C 13 33 500
C 13 34 500
C 13 35 500
C 13 36 500
C 13 37 500
C 13 38 500
A 13 39 1
A 13 40 1
A 13 41 1
A 13 42 1
A 13 43 1
A 13 44 1
A 13 45 1
C 13 46 500
C 13 47 500
C 13 48 500
C 13 49 500
L 13 50 1
L 13 51 1
C 13 52 500
C 13 53 500
C 13 54 500
C 13 55 500
C 13 56 500
C 13 57 500
C 13 58 500
C 13 59 500
C 13 60 500
C 13 61 500
C 13 62 500
C 13 63 500
C 13 64 500
C 13 65 500
C 13 66 500
C 13 67 500
C 13 68 500
# 13 69 1

# 14 0 1
C 14 1 500
C 14 2 500
C 14 3 500
C 14 4 500
C 14 5 500
C 14 6 500
C 14 7 500
C 14 8 500
C 14 9 500
C 14 10 500
C 14 11 500
C 14 12 500
C 14 13 500
C 14 14 500
C 14 15 500
C 14 16 500
C 14 17 500
C 14 18 500
C 14 19 500
C 14 20 500
C 14 21 500
C 14 22 500
C 14 23 500
C 14 24 500
C 14 25 500
C 14 26 500
C 14 27 500
C 14 28 500
C 14 29 500
C 14 30 500
C 14 31 500
C 14 32 500
C 14 33 500
C 14 34 500
C 14 35 500
C 14 36 500
C 14 37 500
C 14 38 500
C 14 39 500
C 14 40 500
C 14 41 500
C 14 42 500
C 14 43 500
C 14 44 500
C 14 45 500
C 14 46 500
C 14 47 500
C 14 48 500
X 14 49 200
X 14 50 200
L 14 51 1
L 14 52 1
X 14 53 200
X 14 54 200
X 14 55 200
X 14 56 200
X 14 57 200
X 14 58 200
X 14 59 200
X 14 60 200
X 14 61 200
X 14 62 200
X 14 63 200
X 14 64 200
X 14 65 200
X 14 66 200
X 14 67 200
X 14 68 200
# 14 69 1

# 15 0 1
C 15 1 500
C 15 2 500
C 15 3 500
C 15 4 500
C 15 5 500
C 15 6 500
C 15 7 500
C 15 8 500
C 15 9 500
C 15 10 500
C 15 11 500
C 15 12 500
C 15 13 500
C 15 14 500
C 15 15 500
C 15 16 500
C 15 17 500
C 15 18 500
C 15 19 500
C 15 20 500
C 15 21 500
C 15 22 500
C 15 23 500
C 15 24 500
C 15 25 500
C 15 26 500
C 15 27 500
C 15 28 500
C 15 29 500
C 15 30 500
C 15 31 500
C 15 32 500
C 15 33 500
C 15 34 500
C 15 35 500
C 15 36 500
C 15 37 500
C 15 38 500
C 15 39 500
C 15 40 500
C 15 41 500
C 15 42 500
C 15 43 500
C 15 44 500
C 15 45 500
C 15 46 500
C 15 47 500
C 15 48 500
C 15 49 500
C 15 50 500
C 15 51 500
L 15 52 1
L 15 53 1
L 15 54 1
C 15 55 500
C 15 56 500
C 15 57 500
C 15 58 500
C 15 59 500
C 15 60 500
C 15 61 500
C 15 62 500
C 15 63 500
C 15 64 500
C 15 65 500
X 15 66 200
X 15 67 200
X 15 68 200
# 15 69 1

# 16 0 1
C 16 1 500
C 16 2 500
C 16 3 500
C 16 4 500
C 16 5 500
C 16 6 500
C 16 7 500
C 16 8 500
C 16 9 500
C 16 10 500
C 16 11 500
C 16 12 500
C 16 13 500
C 16 14 500
C 16 15 500
C 16 16 500
C 16 17 500
C 16 18 500
C 16 19 500
C 16 20 500
C 16 21 500
C 16 22 500
C 16 23 500
C 16 24 500
C 16 25 500
C 16 26 500
C 16 27 500
C 16 28 500
C 16 29 500
C 16 30 500
C 16 31 500
C 16 32 500
C 16 33 500
C 16 34 500
C 16 35 500
C 16 36 500
C 16 37 500
C 16 38 500
C 16 39 500
C 16 40 500
C 16 41 500
C 16 42 500
C 16 43 500
C 16 44 500
C 16 45 500
C 16 46 500
C 16 47 500
C 16 48 500
C 16 49 500
C 16 50 500
C 16 51 500
C 16 52 500
C 16 53 500
L 16 54 1
L 16 55 1
C 16 56 500
C 16 57 500
C 16 58 500
C 16 59 500
C 16 60 500
C 16 61 500
C 16 62 500
C 16 63 500
C 16 64 500
X 16 65 200
X 16 66 200
X 16 67 200
X 16 68 200
# 16 69 1

# 17 0 1
X 17 1 200
X 17 2 200
X 17 3 200
X 17 4 200
X 17 5 200
X 17 6 200
X 17 7 200
X 17 8 200
X 17 9 200
C 17 10 500
C 17 11 500
C 17 12 500
C 17 13 500
C 17 14 500
C 17 15 500
C 17 16 500
C 17 17 500
C 17 18 500
C 17 19 500
C 17 20 500
C 17 21 500
C 17 22 500
C 17 23 500
C 17 24 500
C 17 25 500
C 17 26 500
C 17 27 500
C 17 28 500
C 17 29 500
C 17 30 500
C 17 31 500
C 17 32 500
C 17 33 500
C 17 34 500
C 17 35 500
C 17 36 500
C 17 37 500
C 17 38 500
C 17 39 500
C 17 40 500
C 17 41 500
C 17 42 500
C 17 43 500
C 17 44 500
C 17 45 500
C 17 46 500
C 17 47 500
C 17 48 500
C 17 49 500
C 17 50 500
C 17 51 500
C 17 52 500
C 17 53 500
C 17 54 500
L 17 55 1
L 17 56 1
L 17 57 1
L 17 58 1
L 17 59 1
L 17 60 1
L 17 61 1
L 17 62 1
L 17 63 1
L 17 64 1
L 17 65 1
L 17 66 1
L 17 67 1
L 17 68 1
# 17 69 1

# 18 0 1
X 18 1 200
X 18 2 200
X 18 3 200
X 18 4 200
X 18 5 200
X 18 6 200
X 18 7 200
X 18 8 200
C 18 9 500
C 18 10 500
C 18 11 500
C 18 12 500
C 18 13 500
C 18 14 500
C 18 15 500
C 18 16 500
C 18 17 500
C 18 18 500
C 18 19 500
C 18 20 500
C 18 21 500
C 18 22 500
C 18 23 500
C 18 24 500
C 18 25 500
C 18 26 500
C 18 27 500
C 18 28 500
C 18 29 500
C 18 30 500
C 18 31 500
C 18 32 500
C 18 33 500
C 18 34 500
C 18 35 500
C 18 36 500
C 18 37 500
C 18 38 500
C 18 39 500
C 18 40 500
C 18 41 500
C 18 42 500
C 18 43 500
C 18 44 500
C 18 45 500
C 18 46 500
C 18 47 500
C 18 48 500
C 18 49 500
C 18 50 500
C 18 51 500
C 18 52 500
C 18 53 500
C 18 54 500
C 18 55 500
C 18 56 500
L 18 57 1
L 18 58 1
L 18 59 1
L 18 60 1
L 18 61 1
L 18 62 1
L 18 63 1
L 18 64 1
L 18 65 1
L 18 66 1
L 18 67 1
L 18 68 1
# 18 69 1

# 19 0 1
# 19 1 1
# 19 2 1
# 19 3 1
# 19 4 1
# 19 5 1
# 19 6 1
# 19 7 1
# 19 8 1
# 19 9 1
# 19 10 1
# 19 11 1
# 19 12 1
# 19 13 1
# 19 14 1
# 19 15 1
# 19 16 1
# 19 17 1
# 19 18 1
# 19 19 1
# 19 20 1
# 19 21 1
# 19 22 1
# 19 23 1
# 19 24 1
# 19 25 1
# 19 26 1
# 19 27 1
# 19 28 1
# 19 29 1
# 19 30 1
# 19 31 1
# 19 32 1
# 19 33 1
# 19 34 1
# 19 35 1
# 19 36 1
# 19 37 1
# 19 38 1
# 19 39 1
# 19 40 1
# 19 41 1
# 19 42 1
# 19 43 1
# 19 44 1
# 19 45 1
# 19 46 1
# 19 47 1
# 19 48 1
# 19 49 1
# 19 50 1
# 19 51 1
# 19 52 1
# 19 53 1
# 19 54 1
# 19 55 1
# 19 56 1
# 19 57 1
# 19 58 1
# 19 59 1
# 19 60 1
# 19 61 1
# 19 62 1
# 19 63 1
# 19 64 1
# 19 65 1
# 19 66 1
# 19 67 1
# 19 68 1
# 19 69 1

END_OF_MAP_INFO

PLAYERS 8

PLAYER_HUMAN
13 3
100 100 1 0 0
Pickaxe Sword
R R

PLAYER_MONSTER
11 10
500 0 0 30 L R

PLAYER_MONSTER
9 40
300 0 0 40 L R

PLAYER_MONSTER
13 45
500 0 0 15 L R

PLAYER_MONSTER
10 20
500 0 0 25 L R

PLAYER_MONSTER
9 35
500 0 0 35 L R

PLAYER_MONSTER
8 50
500 0 0 35 L R

PLAYER_MONSTER
8 65
500 0 0 35 L R
