MAP_INFO
50 15

# 0 0 1
# 0 1 1
# 0 2 1
# 0 3 1
# 0 4 1
# 0 5 1
# 0 6 1
# 0 7 1
# 0 8 1
# 0 9 1
# 0 10 1
# 0 11 1
# 0 12 1
# 0 13 1
# 0 14 1
# 0 15 1
# 0 16 1
# 0 17 1
# 0 18 1
# 0 19 1
# 0 20 1
# 0 21 1
# 0 22 1
# 0 23 1
# 0 24 1
# 0 25 1
# 0 26 1
# 0 27 1
# 0 28 1
# 0 29 1
# 0 30 1
# 0 31 1
# 0 32 1
# 0 33 1
# 0 34 1
# 0 35 1
# 0 36 1
# 0 37 1
# 0 38 1
# 0 39 1
# 0 40 1
# 0 41 1
# 0 42 1
# 0 43 1
# 0 44 1
# 0 45 1
# 0 46 1
# 0 47 1
# 0 48 1
# 0 49 1

# 1 0 1
C 1 1 500
C 1 2 500
C 1 3 500
C 1 4 500
C 1 5 500
C 1 6 500
C 1 7 500
C 1 8 500
C 1 9 500
C 1 10 500
C 1 11 500
C 1 12 500
C 1 13 500
C 1 14 500
C 1 15 500
C 1 16 500
C 1 17 500
C 1 18 500
C 1 19 500
C 1 20 500
C 1 21 500
C 1 22 500
C 1 23 500
C 1 24 500
C 1 25 500
C 1 26 500
X 1 27 200
X 1 28 200
X 1 29 200
X 1 30 200
X 1 31 200
X 1 32 200
X 1 33 200
X 1 34 200
X 1 35 200
X 1 36 200
X 1 37 200
X 1 38 200
X 1 39 200
X 1 40 200
X 1 41 200
X 1 42 200
X 1 43 200
X 1 44 200
X 1 45 200
X 1 46 200
C 1 47 500
C 1 48 500
# 1 49 1

# 2 0 1
C 2 1 500
C 2 2 500
C 2 3 500
C 2 4 500
C 2 5 500
C 2 6 500
C 2 7 500
C 2 8 500
C 2 9 500
C 2 10 500
C 2 11 500
C 2 12 500
C 2 13 500
C 2 14 500
C 2 15 500
C 2 16 500
C 2 17 500
C 2 18 500
C 2 19 500
C 2 20 500
C 2 21 500
X 2 22 200
X 2 23 200
X 2 24 200
X 2 25 200
X 2 26 200
X 2 27 200
X 2 28 200
X 2 29 200
X 2 30 200
X 2 31 200
X 2 32 200
X 2 33 200
X 2 34 200
X 2 35 200
X 2 36 200
X 2 37 200
X 2 38 200
X 2 39 200
X 2 40 200
X 2 41 200
X 2 42 200
X 2 43 200
X 2 44 200
X 2 45 200
C 2 46 500
C 2 47 500
C 2 48 500
# 2 49 1

# 3 0 1
C 3 1 500
C 3 2 500
C 3 3 500
C 3 4 500
C 3 5 500
C 3 6 500
C 3 7 500
C 3 8 500
C 3 9 500
C 3 10 500
C 3 11 500
C 3 12 500
C 3 13 500
C 3 14 500
A 3 15 1
A 3 16 1
A 3 17 1
A 3 18 1
A 3 19 1
A 3 20 1
A 3 21 1
A 3 22 1
A 3 23 1
A 3 24 1
A 3 25 1
A 3 26 1
A 3 27 1
A 3 28 1
A 3 29 1
A 3 30 1
A 3 31 1
A 3 32 1
A 3 33 1
A 3 34 1
A 3 35 1
A 3 36 1
A 3 37 1
A 3 38 1
X 3 39 200
X 3 40 200
X 3 41 200
X 3 42 200
X 3 43 200
X 3 44 200
X 3 45 200
X 3 46 200
X 3 47 200
C 3 48 500
# 3 49 1

# 4 0 1
C 4 1 500
C 4 2 500
C 4 3 500
C 4 4 500
C 4 5 500
C 4 6 500
C 4 7 500
A 4 8 1
A 4 9 1
A 4 10 1
A 4 11 1
A 4 12 1
A 4 13 1
A 4 14 1
A 4 15 1
A 4 16 1
A 4 17 1
A 4 18 1
A 4 19 1
A 4 20 1
A 4 21 1
A 4 22 1
A 4 23 1
A 4 24 1
A 4 25 1
A 4 26 1
A 4 27 1
A 4 28 1
A 4 29 1
A 4 30 1
A 4 31 1
A 4 32 1
A 4 33 1
A 4 34 1
A 4 35 1
A 4 36 1
A 4 37 1
A 4 38 1
A 4 39 1
A 4 40 1
A 4 41 1
X 4 42 200
X 4 43 200
X 4 44 200
X 4 45 200
X 4 46 200
X 4 47 200
X 4 48 200
# 4 49 1

# 5 0 1
C 5 1 500
C 5 2 500
C 5 3 500
C 5 4 500
A 5 5 1
A 5 6 1
A 5 7 1
A 5 8 1
A 5 9 1
A 5 10 1
A 5 11 1
A 5 12 1
A 5 13 1
A 5 14 1
A 5 15 1
A 5 16 1
A 5 17 1
A 5 18 1
A 5 19 1
A 5 20 1
A 5 21 1
A 5 22 1
A 5 23 1
A 5 24 1
A 5 25 1
A 5 26 1
A 5 27 1
A 5 28 1
A 5 29 1
A 5 30 1
A 5 31 1
A 5 32 1
A 5 33 1
A 5 34 1
A 5 35 1
A 5 36 1
A 5 37 1
A 5 38 1
A 5 39 1
A 5 40 1
A 5 41 1
A 5 42 1
A 5 43 1
C 5 44 500
C 5 45 500
C 5 46 500
C 5 47 500
C 5 48 500
# 5 49 1

# 6 0 1
C 6 1 500
C 6 2 500
A 6 3 1
A 6 4 1
A 6 5 1
A 6 6 1
A 6 7 1
A 6 8 1
A 6 9 1
A 6 10 1
A 6 11 1
A 6 12 1
A 6 13 1
A 6 14 1
A 6 15 1
A 6 16 1
A 6 17 1
A 6 18 1
A 6 19 1
A 6 20 1
A 6 21 1
A 6 22 1
A 6 23 1
A 6 24 1
A 6 25 1
A 6 26 1
A 6 27 1
A 6 28 1
A 6 29 1
A 6 30 1
A 6 31 1
A 6 32 1
A 6 33 1
A 6 34 1
A 6 35 1
A 6 36 1
A 6 37 1
A 6 38 1
A 6 39 1
A 6 40 1
A 6 41 1
A 6 42 1
A 6 43 1
A 6 44 1
A 6 45 1
C 6 46 500
C 6 47 500
C 6 48 500
# 6 49 1

# 7 0 1
C 7 1 500
A 7 2 1
A 7 3 1
A 7 4 1
A 7 5 1
A 7 6 1
A 7 7 1
A 7 8 1
A 7 9 1
A 7 10 1
A 7 11 1
A 7 12 1
A 7 13 1
A 7 14 1
A 7 15 1
A 7 16 1
A 7 17 1
A 7 18 1
A 7 19 1
A 7 20 1
A 7 21 1
A 7 22 1
A 7 23 1
A 7 24 1
A 7 25 1
A 7 26 1
A 7 27 1
A 7 28 1
A 7 29 1
A 7 30 1
A 7 31 1
A 7 32 1
A 7 33 1
A 7 34 1
A 7 35 1
A 7 36 1
A 7 37 1
A 7 38 1
A 7 39 1
A 7 40 1
A 7 41 1
A 7 42 1
A 7 43 1
A 7 44 1
A 7 45 1
A 7 46 1
A 7 47 1
A 7 48 1
# 7 49 1

# 8 0 1
C 8 1 500
C 8 2 500
C 8 3 500
A 8 4 1
A 8 5 1
A 8 6 1
A 8 7 1
A 8 8 1
A 8 9 1
A 8 10 1
A 8 11 1
A 8 12 1
A 8 13 1
A 8 14 1
A 8 15 1
A 8 16 1
A 8 17 1
A 8 18 1
A 8 19 1
A 8 20 1
A 8 21 1
A 8 22 1
A 8 23 1
A 8 24 1
A 8 25 1
A 8 26 1
A 8 27 1
A 8 28 1
A 8 29 1
A 8 30 1
A 8 31 1
A 8 32 1
A 8 33 1
A 8 34 1
A 8 35 1
A 8 36 1
A 8 37 1
A 8 38 1
A 8 39 1
A 8 40 1
A 8 41 1
A 8 42 1
A 8 43 1
A 8 44 1
A 8 45 1
A 8 46 1
A 8 47 1
A 8 48 1
# 8 49 1

# 9 0 1
C 9 1 500
C 9 2 500
C 9 3 500
C 9 4 500
C 9 5 500
A 9 6 1
A 9 7 1
A 9 8 1
A 9 9 1
A 9 10 1
A 9 11 1
A 9 12 1
A 9 13 1
A 9 14 1
A 9 15 1
A 9 16 1
A 9 17 1
A 9 18 1
A 9 19 1
A 9 20 1
A 9 21 1
A 9 22 1
A 9 23 1
A 9 24 1
A 9 25 1
A 9 26 1
A 9 27 1
A 9 28 1
A 9 29 1
A 9 30 1
A 9 31 1
A 9 32 1
A 9 33 1
A 9 34 1
A 9 35 1
A 9 36 1
A 9 37 1
A 9 38 1
A 9 39 1
A 9 40 1
A 9 41 1
A 9 42 1
A 9 43 1
A 9 44 1
A 9 45 1
A 9 46 1
A 9 47 1
X 9 48 200
# 9 49 1

# 10 0 1
C 10 1 500
C 10 2 500
C 10 3 500
C 10 4 500
C 10 5 500
C 10 6 500
C 10 7 500
C 10 8 500
C 10 9 500
A 10 10 1
A 10 11 1
A 10 12 1
A 10 13 1
A 10 14 1
A 10 15 1
A 10 16 1
A 10 17 1
A 10 18 1
A 10 19 1
A 10 20 1
A 10 21 1
A 10 22 1
A 10 23 1
A 10 24 1
A 10 25 1
A 10 26 1
A 10 27 1
A 10 28 1
A 10 29 1
A 10 30 1
A 10 31 1
A 10 32 1
A 10 33 1
A 10 34 1
A 10 35 1
A 10 36 1
A 10 37 1
A 10 38 1
A 10 39 1
A 10 40 1
A 10 41 1
A 10 42 1
A 10 43 1
X 10 44 200
X 10 45 200
X 10 46 200
X 10 47 200
X 10 48 200
# 10 49 1

# 11 0 1
X 11 1 200
X 11 2 200
X 11 3 200
X 11 4 200
X 11 5 200
X 11 6 200
X 11 7 200
X 11 8 200
X 11 9 200
X 11 10 200
X 11 11 200
X 11 12 200
X 11 13 200
X 11 14 200
X 11 15 200
A 11 16 1
A 11 17 1
A 11 18 1
A 11 19 1
A 11 20 1
A 11 21 1
A 11 22 1
A 11 23 1
A 11 24 1
A 11 25 1
A 11 26 1
A 11 27 1
A 11 28 1
A 11 29 1
A 11 30 1
A 11 31 1
A 11 32 1
A 11 33 1
A 11 34 1
A 11 35 1
A 11 36 1
A 11 37 1
A 11 38 1
A 11 39 1
A 11 40 1
A 11 41 1
X 11 42 200
X 11 43 200
X 11 44 200
X 11 45 200
X 11 46 200
C 11 47 500
C 11 48 500
# 11 49 1

# 12 0 1
X 12 1 200
X 12 2 200
X 12 3 200
X 12 4 200
X 12 5 200
X 12 6 200
X 12 7 200
X 12 8 200
X 12 9 200
X 12 10 200
X 12 11 200
X 12 12 200
X 12 13 200
X 12 14 200
X 12 15 200
X 12 16 200
X 12 17 200
X 12 18 200
X 12 19 200
X 12 20 200
X 12 21 200
X 12 22 200
A 12 23 1
A 12 24 1
A 12 25 1
A 12 26 1
A 12 27 1
A 12 28 1
A 12 29 1
A 12 30 1
A 12 31 1
A 12 32 1
A 12 33 1
A 12 34 1
A 12 35 1
A 12 36 1
A 12 37 1
A 12 38 1
A 12 39 1
X 12 40 200
X 12 41 200
X 12 42 200
X 12 43 200
C 12 44 500
C 12 45 500
C 12 46 500
C 12 47 500
C 12 48 500
# 12 49 1

# 13 0 1
X 13 1 200
X 13 2 200
X 13 3 200
X 13 4 200
X 13 5 200
X 13 6 200
X 13 7 200
X 13 8 200
X 13 9 200
X 13 10 200
X 13 11 200
X 13 12 200
X 13 13 200
X 13 14 200
X 13 15 200
X 13 16 200
X 13 17 200
X 13 18 200
X 13 19 200
X 13 20 200
X 13 21 200
X 13 22 200
X 13 23 200
X 13 24 200
X 13 25 200
X 13 26 200
X 13 27 200
X 13 28 200
X 13 29 200
X 13 30 200
X 13 31 200
X 13 32 200
X 13 33 200
X 13 34 200
X 13 35 200
X 13 36 200
X 13 37 200
X 13 38 200
X 13 39 200
X 13 40 200
X 13 41 200
X 13 42 200
X 13 43 200
X 13 44 200
X 13 45 200
X 13 46 200
X 13 47 200
X 13 48 200
# 13 49 1

# 14 0 1
# 14 1 1
# 14 2 1
# 14 3 1
# 14 4 1
# 14 5 1
# 14 6 1
# 14 7 1
# 14 8 1
# 14 9 1
# 14 10 1
# 14 11 1
# 14 12 1
# 14 13 1
# 14 14 1
# 14 15 1
# 14 16 1
# 14 17 1
# 14 18 1
# 14 19 1
# 14 20 1
# 14 21 1
# 14 22 1
# 14 23 1
# 14 24 1
# 14 25 1
# 14 26 1
# 14 27 1
# 14 28 1
# 14 29 1
# 14 30 1
# 14 31 1
# 14 32 1
# 14 33 1
# 14 34 1
# 14 35 1
# 14 36 1
# 14 37 1
# 14 38 1
# 14 39 1
# 14 40 1
# 14 41 1
# 14 42 1
# 14 43 1
# 14 44 1
# 14 45 1
# 14 46 1
# 14 47 1
# 14 48 1
# 14 49 1

END_OF_MAP_INFO

PLAYERS 5

PLAYER_HUMAN
9 7
100 100 1 0 0
Pickaxe Sword
R R

PLAYER_MONSTER
12 30
300 0 0 30 L R

PLAYER_MONSTER
9 45
200 0 0 40 L R

PLAYER_MONSTER
10 12
100 0 0 15 L R

PLAYER_MONSTER
11 18
100 0 0 15 L R