MAP_INFO
70 20

# 0 0 1
# 0 1 1
# 0 2 1
# 0 3 1
# 0 4 1
# 0 5 1
# 0 6 1
# 0 7 1
# 0 8 1
# 0 9 1
# 0 10 1
# 0 11 1
# 0 12 1
# 0 13 1
# 0 14 1
# 0 15 1
# 0 16 1
# 0 17 1
# 0 18 1
# 0 19 1
# 0 20 1
# 0 21 1
# 0 22 1
# 0 23 1
# 0 24 1
# 0 25 1
# 0 26 1
# 0 27 1
# 0 28 1
# 0 29 1
# 0 30 1
# 0 31 1
# 0 32 1
# 0 33 1
# 0 34 1
# 0 35 1
# 0 36 1
# 0 37 1
# 0 38 1
# 0 39 1
# 0 40 1
# 0 41 1
# 0 42 1
# 0 43 1
# 0 44 1
# 0 45 1
# 0 46 1
# 0 47 1
# 0 48 1
# 0 49 1
# 0 50 1
# 0 51 1
# 0 52 1
# 0 53 1
# 0 54 1
# 0 55 1
# 0 56 1
# 0 57 1
# 0 58 1
# 0 59 1
# 0 60 1
# 0 61 1
# 0 62 1
# 0 63 1
# 0 64 1
# 0 65 1
# 0 66 1
# 0 67 1
# 0 68 1
# 0 69 1

# 1 0 1
C 1 1 500
C 1 2 500
C 1 3 500
C 1 4 500
C 1 5 500
C 1 6 500
C 1 7 500
C 1 8 500
C 1 9 500
C 1 10 500
C 1 11 500
C 1 12 500
C 1 13 500
C 1 14 500
C 1 15 500
C 1 16 500
C 1 17 500
C 1 18 500
C 1 19 500
C 1 20 500
C 1 21 500
C 1 22 500
C 1 23 500
C 1 24 500
C 1 25 500
C 1 26 500
C 1 27 500
C 1 28 500
C 1 29 500
C 1 30 500
C 1 31 500
A 1 32 1
A 1 33 1
A 1 34 1
A 1 35 1
A 1 36 1
A 1 37 1
A 1 38 1
A 1 39 1
A 1 40 1
A 1 41 1
A 1 42 1
A 1 43 1
A 1 44 1
A 1 45 1
A 1 46 1
A 1 47 1
A 1 48 1
A 1 49 1
A 1 50 1
A 1 51 1
A 1 52 1
A 1 53 1
A 1 54 1
A 1 55 1
A 1 56 1
X 1 57 200
X 1 58 200
X 1 59 200
X 1 60 200
X 1 61 200
X 1 62 200
X 1 63 200
X 1 64 200
X 1 65 200
X 1 66 200
X 1 67 200
X 1 68 200
# 1 69 1

# 2 0 1
C 2 1 500
C 2 2 500
C 2 3 500
C 2 4 500
C 2 5 500
C 2 6 500
C 2 7 500
C 2 8 500
C 2 9 500
C 2 10 500
C 2 11 500
C 2 12 500
C 2 13 500
C 2 14 500
C 2 15 500
C 2 16 500
C 2 17 500
C 2 18 500
C 2 19 500
C 2 20 500
C 2 21 500
C 2 22 500
C 2 23 500
C 2 24 500
C 2 25 500
C 2 26 500
C 2 27 500
C 2 28 500
A 2 29 1
A 2 30 1
A 2 31 1
A 2 32 1
A 2 33 1
A 2 34 1
A 2 35 1
A 2 36 1
A 2 37 1
A 2 38 1
A 2 39 1
A 2 40 1
A 2 41 1
A 2 42 1
A 2 43 1
A 2 44 1
A 2 45 1
A 2 46 1
A 2 47 1
A 2 48 1
A 2 49 1
A 2 50 1
A 2 51 1
A 2 52 1
A 2 53 1
A 2 54 1
A 2 55 1
X 2 56 200
X 2 57 200
X 2 58 200
X 2 59 200
X 2 60 200
X 2 61 200
X 2 62 200
X 2 63 200
X 2 64 200
X 2 65 200
X 2 66 200
X 2 67 200
X 2 68 200
# 2 69 1

# 3 0 1
C 3 1 500
C 3 2 500
C 3 3 500
C 3 4 500
C 3 5 500
C 3 6 500
C 3 7 500
C 3 8 500
C 3 9 500
C 3 10 500
C 3 11 500
C 3 12 500
C 3 13 500
C 3 14 500
C 3 15 500
C 3 16 500
C 3 17 500
C 3 18 500
C 3 19 500
A 3 20 1
A 3 21 1
A 3 22 1
A 3 23 1
A 3 24 1
A 3 25 1
A 3 26 1
A 3 27 1
A 3 28 1
A 3 29 1
A 3 30 1
A 3 31 1
A 3 32 1
A 3 33 1
A 3 34 1
A 3 35 1
A 3 36 1
A 3 37 1
A 3 38 1
A 3 39 1
A 3 40 1
A 3 41 1
A 3 42 1
A 3 43 1
A 3 44 1
A 3 45 1
A 3 46 1
A 3 47 1
A 3 48 1
A 3 49 1
A 3 50 1
A 3 51 1
A 3 52 1
A 3 53 1
A 3 54 1
X 3 55 200
X 3 56 200
X 3 57 200
X 3 58 200
X 3 59 200
X 3 60 200
X 3 61 200
X 3 62 200
X 3 63 200
X 3 64 200
X 3 65 200
X 3 66 200
C 3 67 500
C 3 68 500
# 3 69 1

# 4 0 1
C 4 1 500
C 4 2 500
C 4 3 500
C 4 4 500
C 4 5 500
C 4 6 500
C 4 7 500
C 4 8 500
X 4 9 200
X 4 10 200
X 4 11 200
X 4 12 200
X 4 13 200
X 4 14 200
X 4 15 200
X 4 16 200
A 4 17 1
A 4 18 1
A 4 19 1
A 4 20 1
A 4 21 1
A 4 22 1
A 4 23 1
A 4 24 1
A 4 25 1
A 4 26 1
A 4 27 1
A 4 28 1
A 4 29 1
A 4 30 1
A 4 31 1
A 4 32 1
A 4 33 1
A 4 34 1
A 4 35 1
A 4 36 1
A 4 37 1
A 4 38 1
A 4 39 1
A 4 40 1
A 4 41 1
A 4 42 1
A 4 43 1
A 4 44 1
A 4 45 1
A 4 46 1
X 4 47 200
X 4 48 200
X 4 49 200
X 4 50 200
X 4 51 200
X 4 52 200
X 4 53 200
X 4 54 200
X 4 55 200
X 4 56 200
X 4 57 200
X 4 58 200
X 4 59 200
X 4 60 200
X 4 61 200
X 4 62 200
X 4 63 200
X 4 64 200
X 4 65 200
C 4 66 500
C 4 67 500
C 4 68 500
# 4 69 1

# 5 0 1
X 5 1 200
X 5 2 200
X 5 3 200
X 5 4 200
X 5 5 200
X 5 6 200
X 5 7 200
X 5 8 200
X 5 9 200
X 5 10 200
X 5 11 200
A 5 12 1
A 5 13 1
A 5 14 1
A 5 15 1
A 5 16 1
A 5 17 1
A 5 18 1
A 5 19 1
A 5 20 1
A 5 21 1
A 5 22 1
A 5 23 1
A 5 24 1
A 5 25 1
A 5 26 1
A 5 27 1
A 5 28 1
A 5 29 1
A 5 30 1
A 5 31 1
A 5 32 1
A 5 33 1
A 5 34 1
A 5 35 1
A 5 36 1
A 5 37 1
A 5 38 1
A 5 39 1
A 5 40 1
A 5 41 1
X 5 42 200
L 5 43 1
X 5 44 200
X 5 45 200
X 5 46 200
X 5 47 200
X 5 48 200
X 5 49 200
X 5 50 200
X 5 51 200
X 5 52 200
X 5 53 200
X 5 54 200
X 5 55 200
X 5 56 200
X 5 57 200
X 5 58 200
X 5 59 200
X 5 60 200
X 5 61 200
X 5 62 200
X 5 63 200
X 5 64 200
X 5 65 200
X 5 66 200
X 5 67 200
C 5 68 500
# 5 69 1

# 6 0 1
X 6 1 200
X 6 2 200
X 6 3 200
X 6 4 200
X 6 5 200
X 6 6 200
A 6 7 1
A 6 8 1
A 6 9 1
A 6 10 1
A 6 11 1
A 6 12 1
A 6 13 1
A 6 14 1
A 6 15 1
A 6 16 1
A 6 17 1
A 6 18 1
A 6 19 1
A 6 20 1
A 6 21 1
A 6 22 1
A 6 23 1
A 6 24 1
A 6 25 1
A 6 26 1
A 6 27 1
A 6 28 1
A 6 29 1
A 6 30 1
A 6 31 1
A 6 32 1
A 6 33 1
A 6 34 1
A 6 35 1
A 6 36 1
A 6 37 1
A 6 38 1
X 6 39 200
X 6 40 200
X 6 41 200
X 6 42 200
X 6 43 200
X 6 44 200
X 6 45 200
X 6 46 200
L 6 47 1
L 6 48 1
L 6 49 1
L 6 50 1
L 6 51 1
L 6 52 1
L 6 53 1
L 6 54 1
L 6 55 1
L 6 56 1
L 6 57 1
L 6 58 1
L 6 59 1
X 6 60 200
X 6 61 200
C 6 62 500
C 6 63 500
C 6 64 500
C 6 65 500
C 6 66 500
C 6 67 500
C 6 68 500
# 6 69 1

# 7 0 1
X 7 1 200
X 7 2 200
X 7 3 200
A 7 4 1
A 7 5 1
A 7 6 1
A 7 7 1
A 7 8 1
A 7 9 1
A 7 10 1
A 7 11 1
A 7 12 1
A 7 13 1
A 7 14 1
A 7 15 1
A 7 16 1
A 7 17 1
A 7 18 1
A 7 19 1
A 7 20 1
A 7 21 1
A 7 22 1
A 7 23 1
A 7 24 1
A 7 25 1
A 7 26 1
A 7 27 1
A 7 28 1
A 7 29 1
A 7 30 1
A 7 31 1
A 7 32 1
A 7 33 1
A 7 34 1
A 7 35 1
A 7 36 1
A 7 37 1
X 7 38 200
X 7 39 200
X 7 40 200
X 7 41 200
X 7 42 200
X 7 43 200
X 7 44 200
X 7 45 200
X 7 46 200
X 7 47 200
X 7 48 200
X 7 49 200
X 7 50 200
X 7 51 200
X 7 52 200
X 7 53 200
X 7 54 200
L 7 55 1
L 7 56 1
L 7 57 1
L 7 58 1
L 7 59 1
X 7 60 200
X 7 61 200
X 7 62 200
X 7 63 200
C 7 64 500
C 7 65 500
C 7 66 500
C 7 67 500
C 7 68 500
# 7 69 1

# 8 0 1
X 8 1 200
X 8 2 200
A 8 3 1
A 8 4 1
A 8 5 1
A 8 6 1
A 8 7 1
A 8 8 1
A 8 9 1
A 8 10 1
A 8 11 1
A 8 12 1
A 8 13 1
A 8 14 1
A 8 15 1
A 8 16 1
A 8 17 1
A 8 18 1
A 8 19 1
A 8 20 1
A 8 21 1
A 8 22 1
A 8 23 1
A 8 24 1
A 8 25 1
A 8 26 1
A 8 27 1
A 8 28 1
A 8 29 1
A 8 30 1
A 8 31 1
A 8 32 1
A 8 33 1
A 8 34 1
X 8 35 200
X 8 36 200
X 8 37 200
X 8 38 200
X 8 39 200
X 8 40 200
X 8 41 200
X 8 42 200
X 8 43 200
X 8 44 200
X 8 45 200
X 8 46 200
X 8 47 200
X 8 48 200
X 8 49 200
X 8 50 200
X 8 51 200
X 8 52 200
X 8 53 200
X 8 54 200
X 8 55 200
C 8 56 500
C 8 57 500
C 8 58 500
C 8 59 500
C 8 60 500
C 8 61 500
C 8 62 500
C 8 63 500
C 8 64 500
C 8 65 500
C 8 66 500
C 8 67 500
C 8 68 500
# 8 69 1

# 9 0 1
X 9 1 200
A 9 2 1
A 9 3 1
A 9 4 1
A 9 5 1
A 9 6 1
A 9 7 1
A 9 8 1
A 9 9 1
A 9 10 1
A 9 11 1
A 9 12 1
A 9 13 1
A 9 14 1
A 9 15 1
A 9 16 1
A 9 17 1
A 9 18 1
A 9 19 1
A 9 20 1
X 9 21 200
X 9 22 200
X 9 23 200
X 9 24 200
X 9 25 200
X 9 26 200
X 9 27 200
X 9 28 200
X 9 29 200
X 9 30 200
X 9 31 200
X 9 32 200
X 9 33 200
X 9 34 200
X 9 35 200
X 9 36 200
X 9 37 200
X 9 38 200
X 9 39 200
X 9 40 200
X 9 41 200
X 9 42 200
X 9 43 200
X 9 44 200
X 9 45 200
X 9 46 200
X 9 47 200
X 9 48 200
X 9 49 200
X 9 50 200
X 9 51 200
X 9 52 200
X 9 53 200
X 9 54 200
X 9 55 200
X 9 56 200
C 9 57 500
C 9 58 500
C 9 59 500
C 9 60 500
C 9 61 500
C 9 62 500
C 9 63 500
C 9 64 500
C 9 65 500
C 9 66 500
C 9 67 500
C 9 68 500
# 9 69 1

# 10 0 1
A 10 1 1
A 10 2 1
A 10 3 1
A 10 4 1
A 10 5 1
A 10 6 1
A 10 7 1
A 10 8 1
A 10 9 1
A 10 10 1
A 10 11 1
A 10 12 1
A 10 13 1
A 10 14 1
A 10 15 1
A 10 16 1
A 10 17 1
A 10 18 1
A 10 19 1
A 10 20 1
X 10 21 200
X 10 22 200
X 10 23 200
X 10 24 200
X 10 25 200
X 10 26 200
X 10 27 200
X 10 28 200
X 10 29 200
X 10 30 200
X 10 31 200
X 10 32 200
X 10 33 200
X 10 34 200
X 10 35 200
X 10 36 200
X 10 37 200
X 10 38 200
X 10 39 200
X 10 40 200
X 10 41 200
X 10 42 200
X 10 43 200
X 10 44 200
X 10 45 200
X 10 46 200
X 10 47 200
X 10 48 200
X 10 49 200
X 10 50 200
X 10 51 200
X 10 52 200
X 10 53 200
X 10 54 200
X 10 55 200
X 10 56 200
X 10 57 200
X 10 58 200
X 10 59 200
X 10 60 200
X 10 61 200
X 10 62 200
X 10 63 200
X 10 64 200
X 10 65 200
X 10 66 200
X 10 67 200
C 10 68 500
# 10 69 1

# 11 0 1
A 11 1 1
A 11 2 1
A 11 3 1
A 11 4 1
A 11 5 1
A 11 6 1
A 11 7 1
A 11 8 1
A 11 9 1
A 11 10 1
A 11 11 1
A 11 12 1
A 11 13 1
A 11 14 1
A 11 15 1
A 11 16 1
A 11 17 1
A 11 18 1
A 11 19 1
A 11 20 1
A 11 21 1
A 11 22 1
X 11 23 200
X 11 24 200
X 11 25 200
X 11 26 200
X 11 27 200
X 11 28 200
X 11 29 200
X 11 30 200
X 11 31 200
X 11 32 200
X 11 33 200
X 11 34 200
X 11 35 200
X 11 36 200
X 11 37 200
X 11 38 200
X 11 39 200
X 11 40 200
X 11 41 200
X 11 42 200
C 11 43 500
C 11 44 500
C 11 45 500
C 11 46 500
C 11 47 500
C 11 48 500
C 11 49 500
C 11 50 500
C 11 51 500
C 11 52 500
C 11 53 500
C 11 54 500
C 11 55 500
C 11 56 500
C 11 57 500
C 11 58 500
C 11 59 500
C 11 60 500
C 11 61 500
C 11 62 500
C 11 63 500
C 11 64 500
C 11 65 500
C 11 66 500
C 11 67 500
C 11 68 500
# 11 69 1

# 12 0 1
A 12 1 1
A 12 2 1
A 12 3 1
A 12 4 1
A 12 5 1
A 12 6 1
A 12 7 1
A 12 8 1
A 12 9 1
A 12 10 1
A 12 11 1
A 12 12 1
A 12 13 1
A 12 14 1
A 12 15 1
A 12 16 1
A 12 17 1
A 12 18 1
A 12 19 1
A 12 20 1
A 12 21 1
A 12 22 1
A 12 23 1
X 12 24 200
X 12 25 200
X 12 26 200
X 12 27 200
X 12 28 200
X 12 29 200
X 12 30 200
X 12 31 200
X 12 32 200
X 12 33 200
X 12 34 200
X 12 35 200
X 12 36 200
X 12 37 200
X 12 38 200
X 12 39 200
X 12 40 200
C 12 41 500
C 12 42 500
C 12 43 500
C 12 44 500
C 12 45 500
C 12 46 500
C 12 47 500
C 12 48 500
C 12 49 500
C 12 50 500
C 12 51 500
C 12 52 500
C 12 53 500
C 12 54 500
C 12 55 500
C 12 56 500
C 12 57 500
C 12 58 500
C 12 59 500
C 12 60 500
C 12 61 500
C 12 62 500
C 12 63 500
C 12 64 500
C 12 65 500
C 12 66 500
C 12 67 500
C 12 68 500
# 12 69 1

# 13 0 1
X 13 1 200
X 13 2 200
X 13 3 200
X 13 4 200
A 13 5 1
A 13 6 1
A 13 7 1
A 13 8 1
A 13 9 1
A 13 10 1
A 13 11 1
A 13 12 1
A 13 13 1
A 13 14 1
A 13 15 1
A 13 16 1
A 13 17 1
A 13 18 1
A 13 19 1
A 13 20 1
A 13 21 1
A 13 22 1
A 13 23 1
A 13 24 1
A 13 25 1
X 13 26 200
X 13 27 200
X 13 28 200
X 13 29 200
X 13 30 200
X 13 31 200
X 13 32 200
X 13 33 200
X 13 34 200
X 13 35 200
X 13 36 200
X 13 37 200
X 13 38 200
X 13 39 200
X 13 40 200
X 13 41 200
X 13 42 200
A 13 43 1
A 13 44 1
A 13 45 1
A 13 46 1
A 13 47 1
A 13 48 1
A 13 49 1
A 13 50 1
A 13 51 1
A 13 52 1
A 13 53 1
A 13 54 1
A 13 55 1
A 13 56 1
A 13 57 1
A 13 58 1
A 13 59 1
A 13 60 1
A 13 61 1
A 13 62 1
A 13 63 1
A 13 64 1
A 13 65 1
A 13 66 1
A 13 67 1
C 13 68 500
# 13 69 1

# 14 0 1
X 14 1 200
X 14 2 200
X 14 3 200
X 14 4 200
X 14 5 200
X 14 6 200
A 14 7 1
A 14 8 1
A 14 9 1
A 14 10 1
A 14 11 1
A 14 12 1
A 14 13 1
A 14 14 1
A 14 15 1
A 14 16 1
A 14 17 1
A 14 18 1
A 14 19 1
A 14 20 1
A 14 21 1
A 14 22 1
A 14 23 1
A 14 24 1
A 14 25 1
A 14 26 1
A 14 27 1
A 14 28 1
X 14 29 200
X 14 30 200
X 14 31 200
X 14 32 200
X 14 33 200
X 14 34 200
X 14 35 200
A 14 36 1
X 14 37 200
X 14 38 200
X 14 39 200
A 14 40 1
A 14 41 1
A 14 42 1
A 14 43 1
A 14 44 1
A 14 45 1
A 14 46 1
A 14 47 1
A 14 48 1
A 14 49 1
A 14 50 1
A 14 51 1
A 14 52 1
A 14 53 1
A 14 54 1
A 14 55 1
A 14 56 1
A 14 57 1
A 14 58 1
A 14 59 1
A 14 60 1
A 14 61 1
A 14 62 1
X 14 63 200
L 14 64 1
L 14 65 1
L 14 66 1
L 14 67 1
X 14 68 200
# 14 69 1

# 15 0 1
X 15 1 200
X 15 2 200
X 15 3 200
X 15 4 200
X 15 5 200
X 15 6 200
X 15 7 200
X 15 8 200
X 15 9 200
A 15 10 1
A 15 11 1
A 15 12 1
A 15 13 1
A 15 14 1
A 15 15 1
A 15 16 1
A 15 17 1
A 15 18 1
A 15 19 1
A 15 20 1
A 15 21 1
A 15 22 1
A 15 23 1
A 15 24 1
A 15 25 1
A 15 26 1
A 15 27 1
A 15 28 1
A 15 29 1
A 15 30 1
X 15 31 200
X 15 32 200
X 15 33 200
A 15 34 1
A 15 35 1
A 15 36 1
A 15 37 1
A 15 38 1
A 15 39 1
A 15 40 1
A 15 41 1
A 15 42 1
A 15 43 1
A 15 44 1
A 15 45 1
A 15 46 1
A 15 47 1
A 15 48 1
A 15 49 1
A 15 50 1
A 15 51 1
A 15 52 1
A 15 53 1
A 15 54 1
A 15 55 1
A 15 56 1
A 15 57 1
A 15 58 1
A 15 59 1
A 15 60 1
A 15 61 1
A 15 62 1
X 15 63 200
C 15 64 500
C 15 65 500
C 15 66 500
C 15 67 500
C 15 68 500
# 15 69 1

# 16 0 1
X 16 1 200
X 16 2 200
X 16 3 200
X 16 4 200
X 16 5 200
X 16 6 200
X 16 7 200
X 16 8 200
X 16 9 200
X 16 10 200
X 16 11 200
X 16 12 200
A 16 13 1
A 16 14 1
A 16 15 1
A 16 16 1
A 16 17 1
A 16 18 1
A 16 19 1
A 16 20 1
A 16 21 1
A 16 22 1
A 16 23 1
A 16 24 1
A 16 25 1
A 16 26 1
A 16 27 1
A 16 28 1
A 16 29 1
A 16 30 1
A 16 31 1
A 16 32 1
A 16 33 1
A 16 34 1
A 16 35 1
A 16 36 1
A 16 37 1
A 16 38 1
A 16 39 1
A 16 40 1
A 16 41 1
A 16 42 1
A 16 43 1
A 16 44 1
A 16 45 1
A 16 46 1
A 16 47 1
A 16 48 1
A 16 49 1
A 16 50 1
A 16 51 1
A 16 52 1
A 16 53 1
A 16 54 1
A 16 55 1
A 16 56 1
A 16 57 1
A 16 58 1
A 16 59 1
A 16 60 1
C 16 61 500
C 16 62 500
C 16 63 500
C 16 64 500
C 16 65 500
C 16 66 500
C 16 67 500
C 16 68 500
# 16 69 1

# 17 0 1
X 17 1 200
X 17 2 200
X 17 3 200
X 17 4 200
X 17 5 200
X 17 6 200
X 17 7 200
X 17 8 200
X 17 9 200
X 17 10 200
X 17 11 200
X 17 12 200
X 17 13 200
X 17 14 200
X 17 15 200
X 17 16 200
X 17 17 200
X 17 18 200
X 17 19 200
A 17 20 1
A 17 21 1
A 17 22 1
A 17 23 1
A 17 24 1
A 17 25 1
A 17 26 1
A 17 27 1
A 17 28 1
A 17 29 1
A 17 30 1
A 17 31 1
A 17 32 1
C 17 33 500
C 17 34 500
C 17 35 500
C 17 36 500
C 17 37 500
C 17 38 500
C 17 39 500
C 17 40 500
C 17 41 500
C 17 42 500
C 17 43 500
C 17 44 500
C 17 45 500
C 17 46 500
C 17 47 500
C 17 48 500
C 17 49 500
C 17 50 500
C 17 51 500
C 17 52 500
C 17 53 500
C 17 54 500
C 17 55 500
C 17 56 500
C 17 57 500
C 17 58 500
C 17 59 500
C 17 60 500
C 17 61 500
C 17 62 500
X 17 63 200
X 17 64 200
X 17 65 200
X 17 66 200
X 17 67 200
X 17 68 200
# 17 69 1

# 18 0 1
X 18 1 200
X 18 2 200
X 18 3 200
X 18 4 200
X 18 5 200
X 18 6 200
X 18 7 200
X 18 8 200
X 18 9 200
X 18 10 200
X 18 11 200
X 18 12 200
X 18 13 200
X 18 14 200
X 18 15 200
X 18 16 200
X 18 17 200
X 18 18 200
X 18 19 200
X 18 20 200
X 18 21 200
X 18 22 200
X 18 23 200
X 18 24 200
X 18 25 200
X 18 26 200
C 18 27 500
C 18 28 500
C 18 29 500
C 18 30 500
C 18 31 500
C 18 32 500
C 18 33 500
C 18 34 500
C 18 35 500
C 18 36 500
C 18 37 500
C 18 38 500
C 18 39 500
C 18 40 500
C 18 41 500
C 18 42 500
C 18 43 500
C 18 44 500
C 18 45 500
C 18 46 500
C 18 47 500
C 18 48 500
X 18 49 200
X 18 50 200
X 18 51 200
X 18 52 200
X 18 53 200
X 18 54 200
X 18 55 200
X 18 56 200
X 18 57 200
X 18 58 200
X 18 59 200
X 18 60 200
X 18 61 200
X 18 62 200
X 18 63 200
X 18 64 200
X 18 65 200
X 18 66 200
X 18 67 200
X 18 68 200
# 18 69 1

# 19 0 1
# 19 1 1
# 19 2 1
# 19 3 1
# 19 4 1
# 19 5 1
# 19 6 1
# 19 7 1
# 19 8 1
# 19 9 1
# 19 10 1
# 19 11 1
# 19 12 1
# 19 13 1
# 19 14 1
# 19 15 1
# 19 16 1
# 19 17 1
# 19 18 1
# 19 19 1
# 19 20 1
# 19 21 1
# 19 22 1
# 19 23 1
# 19 24 1
# 19 25 1
# 19 26 1
# 19 27 1
# 19 28 1
# 19 29 1
# 19 30 1
# 19 31 1
# 19 32 1
# 19 33 1
# 19 34 1
# 19 35 1
# 19 36 1
# 19 37 1
# 19 38 1
# 19 39 1
# 19 40 1
# 19 41 1
# 19 42 1
# 19 43 1
# 19 44 1
# 19 45 1
# 19 46 1
# 19 47 1
# 19 48 1
# 19 49 1
# 19 50 1
# 19 51 1
# 19 52 1
# 19 53 1
# 19 54 1
# 19 55 1
# 19 56 1
# 19 57 1
# 19 58 1
# 19 59 1
# 19 60 1
# 19 61 1
# 19 62 1
# 19 63 1
# 19 64 1
# 19 65 1
# 19 66 1
# 19 67 1
# 19 68 1
# 19 69 1

END_OF_MAP_INFO

PLAYERS 8

PLAYER_HUMAN
15 62
100 100 1 0 0
Pickaxe Sword
R R

PLAYER_MONSTER
17 25
100 0 0 10 L R

PLAYER_MONSTER
8 25
100 0 0 15 L R

PLAYER_MONSTER
3 53
100 0 0 30 L R

PLAYER_MONSTER
16 60
500 0 0 15 L R

PLAYER_MONSTER
12 3
500 0 0 15 L R

PLAYER_MONSTER
16 15
500 0 0 15 L R

PLAYER_MONSTER
16 45
500 0 0 25 L R

